46
60
5
28
29
93
86
86
86
42
75
87
94
93
88
83
93
36
63
54
50
100
24
70
47
93
63
25
61
35
80
88
77
52
59
22
43
45
4
88
26
63
77
91
58
18
22
56
90
40
50
80
13
51
61
100
39
61
78
60
44
10
73
4
76
88
76
55
60
76
96
100
7
9
42
65
0
22
88
96
75
81
50
55
10
28
45
51
9
76
22
36
45
86
88
52
69
12
76
50
17
45
87
14
5
81
49
71
16
20
98
55
70
49
52
79
95
58
20
93
49
87
40
2
93
12
42
91
16
9
29
81
79
52
97
74
7
76
90
35
22
52
21
93
90
11
11
86
93
60
11
63
29
53
49
7
54
63
35
0
85
100
19
44
73
72
40
19
43
64
84
55
62
20
21
40
36
45
41
51
100
72
10
29
46
99
76
30
11
36
72
73
45
29
26
18
70
50
51
26
43
42
45
87
100
6
9
61
59
42
83
93
12
73
38
44
12
17
61
76
87
6
55
30
77
41
47
14
76
69
30
29
59
9
17
95
26
34
7
84
68
77
99
75
76
73
74
70
56
58
3
71
79
97
30
59
27
76
94
31
95
58
50
71
42
57
37
7
87
18
101
43
4
51
47
32
17
48
75
99
98
69
63
99
89
70
72
23
91
10
76
67
53
42
69
93
56
82
80
72
22
81
46
36
10
76
56
76
73
98
93
64
6
85
101
81
69
77
47
73
35
54
80
50
96
73
18
21
72
36
25
74
86
75
64
20
21
32
1
63
73
42
72
43
27
45
29
31
90
34
46
61
76
87
26
40
43
66
5
20
62
88
55
40
11
80
42
96
23
85
58
57
96
8
0
4
35
43
81
55
71
58
8
76
101
55
42
74
22
97
72
63
49
64
40
44
13
72
78
36
38
19
50
45
93
36
90
37
76
100
73
41
93
74
11
80
55
68
76
88
62
86
22
33
76
87
89
28
76
83
23
79
81
101
16
78
41
75
54
35
15
80
72
66
50
61
83
83
21
22
50
38
16
36
64
9
18
90
87
49
49
43
40
72
84
34
82
49
91
41
97
51
98
68
24
76
21
56
43
94
74
40
75
80
57
43
50
40
36
82
98
22
72
42
72
45
90
73
14
73
78
37
76
76
59
14
93
32
90
29
59
91
41
61
30
14
45
81
37
72
40
37
8
73
74
32
74
84
88
84
40
52
90
72
61
17
57
64
80
29
86
69
30
45
88
76
94
81
93
70
45
75
76
22
53
70
51
95
81
27
4
92
60
11
74
69
22
37
94
0
10
57
50
4
50
6
4
50
48
10
86
80
68
65
76
16
39
100
94
74
47
64
90
37
96
63
59
89
88
4
92
45
99
77
11
27
44
12
49
58
7
71
28
21
77
45
88
59
84
81
71
59
50
56
49
30
76
46
45
99
38
41
89
95
99
30
67
50
40
87
86
59
42
59
16
86
79
50
97
18
65
30
84
42
80
22
62
84
79
60
77
51
92
82
67
97
96
45
50
18
9
50
92
94
72
50
47
49
57
68
80
20
64
57
44
58
6
71
34
97
63
67
96
49
64
98
54
55
88
27
76
75
81
59
69
83
25
94
94
39
11
3
77
47
59
2
81
87
59
57
50
52
92
59
2
49
91
72
45
23
45
93
94
6
17
39
92
77
46
89
43
93
57
28
94
98
46
20
82
65
50
52
71
45
88
27
51
69
29
49
10
80
10
13
76
82
54
42
73
89
42
0
14
101
42
11
100
55
52
79
39
94
32
17
98
101
5
80
95
62
98
72
75
47
30
67
80
95
29
32
43
7
16
67
88
63
25
40
2
89
49
62
33
66
88
83
101
31
40
